UTM-SW = 29;S;631190.1563696287;3680607.4768315013
UTM-NE = 29;S;632982.1405267734;3682428.3723968016
BBOX = 631190.1563696287;3680607.4768315013;1791.984157144674;1820.8955653002486
